         1       606         1      1124         1
     1       149.708       16.3158
     2        151.53       16.9496
     3       152.519       18.6067
     4       152.211       20.5115
     5       150.751       21.7729
     6       148.821       21.8006
     7       147.326       20.5816
     8       146.963       18.6864
     9       147.904       17.0017
    10             0             0
    11       9.50911             0
    12       19.1415             0
    13        28.897             0
    14       38.7758             0
    15       48.7779             0
    16       58.9031             0
    17       69.1516             0
    18       79.5233             0
    19       90.0183             0
    20       100.636             0
    21       111.378             0
    22       122.243             0
    23        133.23             0
    24       144.342             0
    25       155.576             0
    26       166.933             0
    27       178.414             0
    28       190.018             0
    29       201.746             0
    30       213.596             0
    31        225.57             0
    32       237.667             0
    33       249.887             0
    34        262.23             0
    35       274.697             0
    36       287.287             0
    37           300             0
    38           300       12.7923
    39           300       27.1885
    40           300       43.1885
    41           300       60.7923
    42           300            80
    43       286.667            80
    44           280            80
    45           270            90
    46           260           100
    47       247.219           100
    48       234.731           100
    49       222.535           100
    50       210.632           100
    51        199.02           100
    52       187.701           100
    53       176.675           100
    54        165.94           100
    55       155.498           100
    56       145.348           100
    57       135.491           100
    58       125.925           100
    59       116.653           100
    60       107.672           100
    61       98.9836           100
    62       90.5876           100
    63       82.4839           100
    64       74.6725           100
    65       67.1534           100
    66       59.9266           100
    67       52.9921           100
    68       46.3499           100
    69            40           100
    70       35.3309       95.3309
    71       30.9964       90.9964
    72       26.9964       86.9964
    73       23.3309       83.3309
    74            20            80
    75            15            80
    76            10            80
    77             5            80
    78             0            80
    79             0       75.3165
    80             0       70.1151
    81             0       64.3959
    82             0       58.1588
    83             0       51.4039
    84             0       44.1312
    85             0       36.3406
    86             0       28.0322
    87             0        19.206
    88             0       9.86194
    89       150.381       15.4626
    90       154.783         17.64
    91       159.592       20.4071
    92       156.561       36.7928
    93       149.217       37.6625
    94       142.076       37.7582
    95       138.714       22.0868
    96       144.874       18.6581
    97       147.775       15.6785
    98       14.0842       5.42081
    99       13.0786       11.4289
   100       26.9412        17.434
   101       34.0478       36.1698
   102       42.8175       35.0686
   103       57.4694       38.0368
   104       71.8981       39.2057
   105       86.7785       39.5973
   106       102.287       39.9778
   107       115.766       35.0081
   108       130.633       23.3164
   109       148.766       12.5288
   110       157.156       12.9804
   111       170.264       20.9903
   112       184.717        31.426
   113       200.283        28.989
   114       217.577       30.6627
   115       234.913       37.9469
   116       251.145       21.2742
   117       264.638       25.5967
   118       275.079       13.7359
   119       287.132       7.27017
   120       287.872       18.3688
   121       276.621       24.6694
   122       284.814       51.5597
   123       287.672        68.152
   124       276.068       63.9055
   125       255.817       48.9754
   126       243.306       79.0049
   127       224.816       65.0099
   128       212.156       67.2635
   129       193.046       62.7364
   130       179.586       62.3299
   131       168.149       62.3645
   132       157.826       62.3898
   133       147.878       62.6679
   134       142.276       64.1859
   135        133.46       63.6558
   136       124.095       62.2573
   137       114.377       58.9084
   138       103.337       67.1439
   139       88.5487        70.218
   140       79.5024       72.3967
   141       69.7866       72.4895
   142       61.0195        70.804
   143       49.1937        80.703
   144       42.4441       93.3824
   145       37.7015       83.0291
   146       33.4142       63.1971
   147       25.7492       59.6329
   148       15.6681       71.0368
   149       7.42793       76.5271
   150       3.29134       76.9503
   151       4.71728       72.7321
   152       5.45944        67.871
   153       13.9783       61.9969
   154       14.1156       56.0766
   155         19.51        31.919
   156       13.4416       21.6198
   157       7.77245       15.9536
   158       6.61972        6.9985
   159       16.8968       44.7711
   160       134.495         36.11
   161       164.651       34.7708
   162       245.292       57.6692
   163       275.422       37.3527
   164       40.7253       68.0036
   165       152.591        16.696
   166       156.563       23.4776
   167       151.859        30.951
   168       146.575        31.143
   169       141.188       30.9627
   170       146.407        17.216
   171       26.0737       7.62585
   172       34.9656       19.9953
   173       42.4143       13.9131
   174       51.8469        24.759
   175       66.0129       26.9412
   176       79.8285       27.7854
   177       93.6538       28.0943
   178        106.78       26.5922
   179       119.654       23.0745
   180       138.155       14.1378
   181        143.87       9.85008
   182       154.708       9.16287
   183       171.772       14.2722
   184        178.77       19.2065
   185       197.744       20.3993
   186       209.796       21.7431
   187         222.8       20.8424
   188       236.329       23.0701
   189       263.805       11.9248
   190        264.72       58.5647
   191       248.953       90.6303
   192        231.42       76.9992
   193       220.768       76.7888
   194       204.366       73.1801
   195       189.326       73.5931
   196       176.272       74.7173
   197       164.337       73.2498
   198        154.35       73.2906
   199       145.387        74.587
   200       136.371       74.3268
   201        130.04        85.277
   202       118.995        82.623
   203       114.872       71.8311
   204       93.6496       77.2855
   205       84.4541       79.1917
   206       74.6161       80.2101
   207       66.4231       82.1486
   208       58.1833       82.9775
   209       47.4785       88.4641
   210       38.8371        89.361
   211        34.951       88.7631
   212       31.2017       72.3188
   213       26.9905        66.582
   214       21.4717       70.5742
   215       11.6642       75.4214
   216       4.33495       60.0992
   217        6.6847       54.3256
   218       15.9326       37.9401
   219       14.0142       27.5409
   220       28.5458       28.4054
   221       124.312       51.0276
   222       157.678         29.79
   223       237.608       66.4218
   224       270.323       49.8563
   225       47.7134       47.9484
   226       152.732       13.8265
   227       159.273       16.2368
   228       154.917       21.0696
   229       153.414       24.9977
   230       160.953       52.5046
   231        149.32       26.0202
   232       145.083       24.7516
   233        131.48       54.7479
   234       144.283       21.3879
   235       137.619       18.7257
   236       20.3283       10.0213
   237       34.1278       9.66057
   238       21.1818        24.147
   239       37.3685       28.5175
   240       24.6396       46.2055
   241       52.0775       8.75447
   242       32.2879       44.5062
   243       60.2134       13.6994
   244       64.7988        65.118
   245       73.4771       15.1121
   246       71.0811       62.9687
   247       85.9531       15.5872
   248       83.6123       64.0006
   249       98.1097       15.4167
   250       104.228       53.5903
   251       110.327       13.6435
   252       125.339       40.9124
   253       135.534       28.5854
   254       129.982        13.884
   255       141.649       18.7747
   256       138.971       6.85463
   257       144.199       15.2016
   258       149.382       6.65333
   259       155.135        15.688
   260       164.532       17.9591
   261       162.873       9.56946
   262       182.504       9.89854
   263       164.671        24.834
   264       193.524       13.1992
   265       183.824       51.7525
   266       205.151       10.8534
   267       198.409       53.1872
   268       217.454       11.0014
   269       214.689        58.324
   270       230.277       11.2413
   271       232.869       52.5855
   272       242.506       11.3631
   273        253.68       34.9117
   274       253.742       9.26921
   275       263.682       38.9903
   276       285.943       28.9465
   277       266.291        70.292
   278       256.325       85.0813
   279       238.042       89.0419
   280       251.652       71.2163
   281       226.998       88.5472
   282        222.39       47.4096
   283       216.277       88.5597
   284       206.387       42.4833
   285       199.954       85.3856
   286       190.505       41.7524
   287       187.139        86.103
   288       175.293       41.0229
   289       181.799       91.6686
   290       163.574       43.4308
   291       170.083       85.6173
   292       159.918       85.1448
   293       154.326       44.4795
   294       150.163       85.4642
   295       151.961       53.1636
   296       140.339       85.8799
   297       145.232       45.8606
   298       126.723       73.2535
   299       139.396       54.2311
   300       111.003       83.3982
   301       134.975       45.2066
   302       101.608       82.9116
   303        114.56       46.4299
   304       95.2687       91.2504
   305       91.3465       60.6079
   306       86.9783       87.1399
   307       92.2056       51.6173
   308       78.5361       86.7509
   309       78.5814       50.7506
   310       70.0512       89.3496
   311       63.1176       50.8185
   312       63.0357       91.1805
   313       52.4347       60.9749
   314       57.2218       94.9562
   315       41.7073       77.0974
   316       52.3572       92.7253
   317       32.1273       84.7286
   318       43.1203       84.9359
   319       28.6301       81.7302
   320       39.4666       59.4728
   321       23.5712       75.1775
   322       35.4457       52.2699
   323       18.5473       75.6755
   324       9.72546       70.2013
   325       14.1858        76.497
   326       9.99197       73.0643
   327       7.30185       63.7617
   328        12.531       66.6785
   329       9.45296       59.1665
   330       19.7583       65.2233
   331       13.4242       50.9173
   332        19.281       59.1595
   333       8.14222       40.7695
   334       24.9911       38.4079
   335       8.82863       32.8992
   336       17.6807       16.9855
   337       6.80704       24.5327
   338       20.7643       52.6706
   339       7.59199         47.55
   340       126.731       31.5169
   341       141.928       25.6421
   342       173.128       30.3432
   343       171.401       51.7954
   344        244.02       44.7576
   345       256.112       61.4782
   346       288.849       38.0478
   347       47.4258       73.2209
   348       34.1755        78.423
   349       156.073       18.7678
   350       151.502       27.3776
   351       146.994       27.3623
   352       142.768       27.5465
   353       51.0924       33.1015
   354       65.0752       34.9435
   355       79.5538       35.6515
   356       94.4147       36.0848
   357       108.312        34.017
   358       120.587       30.0231
   359       174.412        24.638
   360       192.302       27.7267
   361       227.611       30.1501
   362       195.205       69.9019
   363       181.477       69.9651
   364        174.55         66.33
   365        158.75       69.3884
   366        149.51       69.9314
   367       141.097       71.0016
   368       132.187       70.3718
   369        134.88        90.403
   370       123.519       87.5342
   371       117.761       64.3868
   372       62.3333       76.8571
   373       54.8748       75.8983
   374       48.1781        95.014
   375       128.294       45.5558
   376       159.552       33.7351
   377        49.337       40.5645
   378       153.945       19.2682
   379       153.523       22.3327
   380        151.08       24.6931
   381        159.54       46.7087
   382       147.694       24.6759
   383       147.755       50.6174
   384       146.135       22.0593
   385       135.445       51.0668
   386       45.2241       28.7588
   387       59.6682       58.3797
   388       67.4685       9.89857
   389       71.2958       54.4356
   390       79.6793       10.4646
   391       85.1305       55.5589
   392       91.3929       10.6015
   393          99.7       47.8423
   394       103.049       10.1178
   395       118.419       40.8217
   396       115.807        7.4705
   397       130.815       27.9221
   398       122.813       9.98423
   399       133.981       8.91615
   400       160.913       22.7034
   401       182.793       44.7763
   402       198.252       45.7404
   403        213.99        48.936
   404       243.844       31.8315
   405       222.371        55.088
   406        206.36       51.0368
   407       207.906       90.2091
   408       190.553       48.6875
   409       195.108       90.1992
   410       177.582       34.3668
   411       165.282       49.0838
   412       175.289       91.0816
   413       165.181       90.0284
   414        153.24       39.6146
   415       155.155       90.0453
   416       152.529       59.3098
   417       145.259       90.3638
   418       145.407       40.4139
   419       121.802       68.9751
   420       138.487       60.5775
   421       115.872       88.4162
   422       137.255       39.7801
   423        108.05       88.0465
   424       117.813       52.0918
   425       97.3034       54.9726
   426       82.8329       92.3616
   427       77.7919        58.774
   428       73.2007       93.9401
   429       65.9164       58.1139
   430        54.449       53.1258
   431       45.1761       62.2043
   432       25.3406       79.3376
   433       32.3313       57.5269
   434       132.266       32.1976
   435       138.802       25.4236
   436       170.858       35.4871
   437       169.975       45.3495
   438       157.218       20.1301
   439       159.632       26.2768
   440       155.256       32.4814
   441       152.471       35.0774
   442       149.185       33.2138
   443       145.966       35.5387
   444       143.375       33.1348
   445       139.291        35.073
   446        43.124       6.62221
   447       43.0884       22.2519
   448       54.5625       17.2245
   449       58.4441       30.1479
   450       66.6343       18.6512
   451       72.5798       31.5231
   452       79.8044       19.5625
   453       86.9268        32.097
   454       92.6208       19.7896
   455       100.953       31.8593
   456       105.134       18.7485
   457       113.962       28.4659
   458        117.25       15.7334
   459       126.804       20.3689
   460       172.322       7.31199
   461       186.862       23.6873
   462       201.684       66.7201
   463       206.753       82.0506
   464        187.04       66.0741
   465       191.998        81.528
   466       180.756       82.5281
   467       169.546       69.8654
   468       163.455       65.8561
   469       164.798       81.2136
   470       153.356       65.9048
   471       154.835       81.2856
   472       145.318       68.1705
   473       145.302       82.0384
   474       137.298       67.2069
   475       135.547       82.0114
   476       128.666       93.2347
   477        131.06       77.5577
   478       120.414       93.9551
   479       120.716       75.6051
   480       109.283       78.2027
   481       110.717       66.2116
   482       106.707       73.7764
   483       100.548       74.8992
   484       96.2317       70.9781
   485       92.6482       83.5598
   486       33.7305       68.3293
   487       28.6432       76.6372
   488       126.645       55.8146
   489       120.734       57.3868
   490       156.074        26.517
   491       162.175       29.8859
   492       47.1351       55.9928
   493       40.7921       41.9105
   494       153.181       20.2607
   495       151.727       22.6792
   496       154.135       28.5966
   497       166.733        55.438
   498       162.272       58.9347
   499       149.558       23.3239
   500       149.211       29.2814
   501       147.816       56.1256
   502       147.467       22.7193
   503       144.511       28.8831
   504       134.827       57.3304
   505       129.637       60.2634
   506       146.128       20.1395
   507       142.057       22.8726
   508       134.943       21.5758
   509       28.2501       52.1632
   510        48.659       17.2156
   511       61.3328       6.29037
   512       59.6653       22.3195
   513        73.903        6.6837
   514       73.0497       23.5137
   515       76.1673       66.5826
   516       85.2469       6.87206
   517       86.5412        24.119
   518       96.4623       6.82124
   519         99.65        23.801
   520       110.997       52.8622
   521        107.37       59.9553
   522       107.954       6.09995
   523       112.373       21.4056
   524       128.888       36.3402
   525       121.517       46.1124
   526       123.422       16.7788
   527       134.953       24.9912
   528       137.055       32.0286
   529       128.253       6.52123
   530       132.991       18.2385
   531       167.149       30.4559
   532       194.206       7.02444
   533        187.52       17.3748
   534       191.889       55.9575
   535       185.252       58.7715
   536       206.643       58.4736
   537       201.189        61.022
   538       264.775       79.0559
   539       215.277       39.9568
   540        225.63       40.3269
   541       212.503       77.6142
   542       199.038       37.6954
   543       208.021       32.9567
   544       202.733       93.6853
   545       197.941       77.4166
   546       183.295       38.2224
   547        191.67       34.5032
   548       190.372       93.9406
   549        184.21        77.646
   550       176.677       48.0188
   551       167.766       39.8024
   552       175.792       83.4751
   553       158.064       41.5149
   554       161.665       38.3584
   555       170.553       93.8754
   556       170.204       77.5991
   557       160.329       93.5692
   558       159.461       76.9923
   559       155.647       49.8908
   560       149.506       42.5342
   561       150.265       93.6798
   562       149.954       77.5155
   563        150.64       47.4688
   564       156.848       55.9327
   565       140.186       93.7804
   566       140.612       78.2212
   567       143.793       51.8188
   568       140.766       42.8839
   569       127.875       66.5098
   570       125.211       80.2827
   571       139.993       48.1365
   572       143.371       58.1145
   573       111.752       93.9954
   574       115.095       78.1474
   575        130.34       50.0564
   576       131.674       40.7844
   577       103.118       92.4238
   578       107.077        46.589
   579       110.825       40.5028
   580       100.005       60.3848
   581       95.5943       65.7539
   582       88.0272       94.1986
   583       86.0454       47.3766
   584       93.8402       43.6696
   585       78.3223       94.4769
   586       71.1474       46.9912
   587       78.9849       43.3409
   588       56.0468       45.7806
   589       64.0607       42.9174
   590       58.1769         64.76
   591       47.7391       66.8535
   592       57.0352       89.3321
   593        36.779       73.1544
   594       52.6056       86.3221
   595       41.9936       52.9637
   596       22.0583       78.7753
   597       26.3357       71.9816
   598        39.585       47.6452
   599       122.585       35.8498
   600       125.547       26.1354
   601       139.454       28.5064
   602       169.497       26.3049
   603       179.519       27.1625
   604        178.06       55.0509
   605       172.956       58.7658
   606       53.5547       69.0176
Edges

       e            i            j            k
       1            3            2          165
       2           90          227          349
       3          166          379          228
       4          350          380          229
       5          351          382          231
       6          341          232          352
       7            9          170           97
       8            1           97           89
       9           88           10          158
      10           10           11          158
      11           98          236           99
      12          236           12          171
      13          220          100          172
      14          237          446          173
      15          449          103          353
      16          451          104          354
      17          453          105          355
      18          455          106          356
      19          457          107          357
      20          358          457          179
      21          180          255          235
      22          181          258          109
      23          110          182          261
      24          261          460          183
      25          111          184          359
      26          113          360          185
      27          543          186          114
      28          188          115          361
      29          404          188          116
      30          116          189          117
      31          117          189          118
      32           35          119          118
      33           36           37          119
      34           37           38          119
      35          120          276          121
      36           40          122          346
      37           41          123          122
      38          123           44          124
      39          125          190          345
      40          278           46          191
      41          223          126          192
      42          128          541          194
      43          464          129          362
      44          364          130          363
      45          467          131          364
      46          470          132          365
      47          472          133          366
      48          474          134          367
      49          569          135          368
      50          369          476          201
      51          570          201          370
      52          481          137          371
      53          139          204          205
      54          140          205          206
      55          141          206          207
      56          373          142          372
      57          373          372          208
      58          145          210          211
      59           69           70          144
      60           70          211          210
      61          213          486          212
      62          147          213          330
      63          213          214          330
      64          215          325           76
      65           76           77          149
      66           77           78          150
      67           78           79          150
      68           79           80          151
      69          152           81          327
      70          327           81          216
      71           82          217          216
      72          218          335          155
      73          219          337          156
      74           87          157          337
      75          157           88          158
      76          334          155          220
      77          375          576          301
      78          491          161          376
      79          271          162          223
      80          275          163          224
      81          493          102          377
      82            2            1           89
      83           89          226          165
      84            3           90          378
      85          379          494          228
      86          380          495          229
      87          381          553          290
      88          382          499          231
      89          383          563          295
      90          506            7          384
      91          385          571          299
      92          255           95          235
      93            9            8          170
      94            1            9           97
      95          109          257          181
      96           11           12           98
      97          158           11           98
      98           12          236           98
      99          157          336          156
     100          171           13          237
     101          336          100          238
     102          447          174          386
     103          240          338          159
     104          446           15          241
     105          334          101          242
     106          241          511          243
     107          387          430          311
     108          388          513          245
     109          389          586          309
     110          390          516          247
     111          391          583          307
     112          392          518          249
     113          584          106          393
     114          394          522          251
     115          395          599          252
     116          458          396          398
     117          397          527          253
     118          398          529          254
     119           23          256          399
     120          257          170           96
     121          181           24          258
     122           89           97          109
     123          259          165          226
     124           91          260          400
     125          261          260          227
     126          263          400          260
     127          262          532          264
     128          401          546          286
     129          402          542          284
     130          266           30          268
     131          403          539          282
     132          268           31          270
     133          115          271          540
     134          270           32          272
     135          272           33          274
     136          273          117          275
     137           34           35          189
     138          118          120          121
     139           35           36          119
     140          119           38          120
     141           38           39          120
     142          118          119          120
     143          276          346          163
     144          118          121          117
     145           40           41          122
     146          122          124          224
     147           41           42          123
     148           42           43          123
     149           43           44          123
     150          122          123          124
     151           44          277          124
     152          116          273          404
     153          191           47          279
     154          280          278          126
     155          279           48          281
     156          281           49          283
     157          406          536          267
     158          407          544          285
     159          408          534          265
     160          409          548          287
     161          410          546          288
     162          548           52          289
     163          411          497          230
     164          412          555          291
     165          413          557          292
     166          560           93          414
     167          415          561          294
     168          564          132          416
     169          417          565          296
     170          568           94          418
     171          479          203          419
     172          572          134          420
     173          300          421          423
     174          576          160          422
     175          423          577          302
     176          525          221          424
     177           60           61          577
     178          425          393          250
     179          304          582          306
     180          305          391          307
     181          426          585          308
     182          427          515          246
     183           65          310          428
     184          246          244          429
     185          310           65          312
     186          387          313          430
     187          312           66          314
     188          347          143          315
     189          314           67          316
     190           68           69          144
     191          211           71          317
     192          210          145          318
     193           72          319          317
     194          164          320          431
     195          432          596          321
     196          146          433          320
     197          596           74          323
     198          328          148          324
     199          323           75          325
     200          149          150          151
     201          149           77          150
     202          150           79          151
     203          151           80          152
     204          149          151          326
     205          329          153          327
     206          328          330          148
     207          329          217          154
     208          330          214          148
     209          331          339          159
     210          332          330          153
     211          339           84          333
     212          334          220          101
     213          333           85          335
     214          336          238          156
     215          335           86          337
     216           99          157          158
     217           87           88          157
     218           98           99          158
     219          338          332          154
     220           83          339          217
     221          434          524          340
     222          435          507          341
     223          436          531          342
     224          437          551          288
     225          125          162          344
     226          345          280          162
     227          117          121          163
     228          276           39          346
     229          347          315          164
     230          315          348          593
     231            2           89          165
     232          259           90          165
     233          166          228          438
     234           91          166          438
     235          439          490          166
     236          376           92          440
     237          440           92          441
     238          500          167          442
     239          442           93          443
     240          503          168          444
     241          444           94          445
     242          234          255           96
     243          257           97          170
     244           12           13          171
     245          171          237          100
     246          237          173          172
     247          172          239          220
     248          447          386          239
     249          512          174          448
     250          354          103          449
     251          514          175          450
     252          355          104          451
     253          517          176          452
     254          356          105          453
     255          519          177          454
     256          357          106          455
     257          523          178          456
     258          358          107          457
     259          526          179          458
     260          530          108          459
     261          180          399          256
     262          257          180          181
     263          256           24          181
     264          226          109          182
     265          258           25          182
     266          261           26          460
     267          111          183          184
     268          262          533          184
     269          360          112          461
     270          264          266          185
     271          113          185          186
     272          266          268          186
     273          114          186          187
     274          268          270          187
     275          188          361          187
     276          270          272          188
     277          188          272          116
     278          274           34          189
     279           35          118          189
     280          224          124          190
     281          190          124          277
     282           46           47          191
     283          191          279          126
     284          279          281          192
     285          127          192          193
     286          127          193          128
     287          281          283          193
     288          362          129          462
     289          545          194          463
     290          363          130          464
     291          549          195          465
     292          552          196          466
     293          468          131          467
     294          365          132          468
     295          558          197          469
     296          366          133          470
     297          562          198          471
     298          367          134          472
     299          566          199          473
     300          368          135          474
     301          477          200          475
     302          369           57          476
     303          477          368          200
     304          476           58          478
     305          479          419          298
     306          482          203          480
     307          482          138          481
     308          482          481          203
     309          483          482          302
     310          139          484          204
     311          139          205          140
     312          306          308          205
     313          140          206          141
     314          308          310          206
     315          141          372          142
     316          310          312          207
     317          312          592          208
     318          143          594          209
     319           68          144          374
     320          318          143          209
     321          210          318          144
     322          144           70          210
     323           70           71          211
     324          211          317          145
     325          213          146          486
     326          487          432          321
     327          146          213          147
     328          214          597          321
     329          214          321          323
     330          214          323          148
     331           76          149          215
     332          326          148          215
     333           81           82          216
     334          327          216          329
     335           82           83          217
     336          217          331          154
     337          218          334          159
     338          218          333          335
     339          238          155          219
     340          219          335          337
     341          238          100          220
     342          239          101          220
     343          505          136          488
     344          488          136          489
     345          439          222          490
     346          491          376          222
     347          280          126          223
     348          223          192          127
     349          122          224          163
     350          224          190          125
     351          492          595          225
     352          101          102          493
     353           89          109          226
     354          226          182          110
     355            3          165           90
     356          227          259          110
     357           91          227          260
     358          379            4          494
     359          499            5          495
     360          496          350          229
     361          605          131          497
     362          497          131          498
     363          502            6          499
     364          500          351          231
     365          572          501          133
     366          384            7          502
     367          503          352          232
     368          504          505          233
     369          504          135          505
     370           95          508          235
     371          180          530          254
     372            8           96          170
     373          236          171          100
     374          336           99          236
     375           13           14          237
     376          237          172          100
     377          238          220          155
     378          238          219          156
     379          101          239          102
     380          447          239          172
     381          334          242          240
     382          433          147          509
     383           15           16          241
     384          173          241          510
     385          101          493          242
     386          240          242          509
     387           16          511          241
     388          512          448          243
     389          141          244          246
     390          141          142          244
     391          388           17          513
     392          514          450          245
     393          140          515          248
     394          140          141          515
     395          390           18          516
     396          517          452          247
     397          139          248          305
     398          139          140          248
     399          392           19          518
     400          519          454          249
     401          520          521          250
     402          520          137          521
     403          394           20          522
     404          523          456          251
     405          524          576          252
     406          525          424          303
     407          396           22          398
     408          526          458          398
     409          397          108          527
     410          601          169          528
     411          398           22          529
     412          530          459          254
     413          257           96          255
     414           23           24          256
     415          256          181          180
     416          180          257          255
     417          109           97          257
     418           24           25          258
     419          258          182          109
     420           25           26          261
     421          261          182           25
     422          259          226          110
     423          227           90          259
     424          260          261          183
     425          260          183          111
     426          261          227          110
     427           27           28          262
     428          262          184          183
     429          263          260          111
     430          531          491          263
     431           28          532          262
     432          537          129          534
     433          534          129          535
     434           29           30          266
     435          266          186          185
     436          128          536          269
     437          536          128          537
     438           30           31          268
     439          268          187          186
     440          127          128          269
     441           31           32          270
     442          270          188          187
     443          271          344          162
     444          271          223          127
     445           32           33          272
     446          272          274          116
     447          116          117          273
     448          273          275          125
     449           33           34          274
     450          116          274          189
     451          117          163          275
     452          275          224          125
     453          121          276          163
     454           39          276          120
     455           44          538          277
     456          277          345          190
     457          404          273          344
     458           45           46          278
     459          278          191          126
     460           47           48          279
     461          279          192          126
     462          280          223          162
     463          277          538          280
     464           48           49          281
     465          281          193          192
     466          539          540          282
     467          539          114          540
     468           49           50          283
     469          193          283          541
     470          542          543          284
     471          542          113          543
     472          407           50          544
     473          545          463          285
     474          546          547          286
     475          546          112          547
     476          409           51          548
     477          549          465          287
     478          437          288          550
     479          554          161          551
     480           52           53          289
     481          552          466          289
     482          553          554          290
     483          553           92          554
     484          412           53          555
     485          552          291          556
     486          413           54          557
     487          558          469          292
     488          563          293          559
     489          418           93          560
     490          415           55          561
     491          562          471          294
     492          563          560          293
     493          559          230          564
     494          417           56          565
     495          566          473          296
     496          571          297          567
     497          422           94          568
     498          419          136          569
     499          570          370          202
     500          571          568          297
     501          501          572          567
     502          478           59          573
     503          202          300          574
     504          375          301          575
     505          576          422          301
     506          578          579          303
     507          578          106          579
     508           61           62          304
     509          302          485          204
     510          580          581          305
     511          580          138          581
     512           62          582          304
     513          306          205          485
     514          583          584          307
     515          583          105          584
     516          426           63          585
     517          308          206          205
     518          586          587          309
     519          586          104          587
     520           64           65          428
     521          310          207          206
     522          430          225          588
     523          588          103          589
     524           65           66          312
     525          312          208          207
     526          590          606          313
     527          591          431          313
     528           66           67          314
     529          592          312          314
     530          315          318          145
     531          212          593          348
     532           67          374          316
     533          592          316          594
     534           71           72          317
     535          317          348          145
     536          315          143          318
     537          318          209          144
     538           72           73          319
     539          487          348          319
     540          146          320          164
     541          492          320          595
     542          432           73          596
     543          213          212          597
     544          595          322          598
     545          320          433          322
     546           74           75          323
     547          323          325          148
     548          324          326          151
     549          151          152          324
     550           75           76          325
     551          215          148          325
     552          324          148          326
     553          326          215          149
     554          328          152          327
     555           80           81          152
     556          328          324          152
     557          328          327          153
     558          153          329          154
     559          329          216          217
     560          328          153          330
     561          332          147          330
     562          338          154          331
     563          331          217          339
     564          153          154          332
     565          338          147          332
     566           84           85          333
     567          218          159          333
     568          334          240          159
     569          218          155          334
     570           85           86          335
     571          219          155          335
     572          157           99          336
     573          336          236          100
     574           86           87          337
     575          156          337          157
     576          338          331          159
     577          509          147          338
     578           83           84          339
     579          339          333          159
     580          599          358          340
     581          600          397          340
     582          507          234          232
     583          601          528          253
     584          602          359          342
     585          603          410          342
     586          550          265          604
     587          604          130          605
     588          271          115          344
     589          125          344          273
     590          125          345          162
     591          277          280          345
     592           39           40          346
     593          122          163          346
     594          606          373          347
     595          373          143          347
     596          315          145          348
     597          317          319          348
     598          438          228          349
     599           90          349          378
     600          496          167          350
     601          500          231          350
     602          500          168          351
     603          503          232          351
     604          503          169          352
     605          601          341          352
     606           14          446          237
     607          377          102          353
     608          353          386          174
     609          589          103          354
     610          354          449          175
     611          587          104          355
     612          355          451          176
     613          584          105          356
     614          356          453          177
     615          579          106          357
     616          357          455          178
     617          600          340          358
     618          599          107          358
     619          603          342          359
     620          602          111          359
     621          547          112          360
     622          360          461          185
     623          543          113          186
     624          540          114          361
     625          114          187          361
     626          404          115          188
     627          362          462          194
     628          545          195          362
     629          363          464          195
     630          549          196          363
     631          605          130          364
     632          364          363          196
     633          365          468          197
     634          558          198          365
     635          366          470          198
     636          562          199          366
     637          367          472          199
     638          566          200          367
     639          368          474          200
     640          477          298          368
     641          475          296          369
     642          565           57          369
     643          476          478          370
     644          202          370          421
     645          489          136          371
     646          371          419          203
     647          141          207          372
     648          208          372          207
     649          606          142          373
     650          209          316          374
     651           67           68          374
     652          375          575          221
     653          525          252          375
     654          554           92          376
     655          376          440          222
     656          377          353          103
     657          377          588          225
     658          349          228          378
     659          494            3          378
     660          166          229          379
     661          495            4          379
     662          350          231          380
     663          380          499          495
     664          411          230          381
     665          381          559          293
     666          351          232          382
     667          382          502          499
     668          501          567          383
     669          567          297          383
     670          384          502          232
     671          234          384          232
     672          504          233          385
     673          575          301          385
     674            8          506           96
     675           96          506          234
     676          353          102          386
     677          102          239          386
     678          429          244          387
     679          590          313          387
     680          450          243          388
     681          511           17          388
     682          427          246          389
     683          429          311          389
     684          452          245          390
     685          513           18          390
     686          305          248          391
     687          427          309          391
     688          454          247          392
     689          516           19          392
     690          393          578          250
     691          425          307          393
     692          456          249          394
     693          518           20          394
     694          525          303          395
     695          579          107          395
     696          458          251          396
     697          522           21          396
     698          434          340          397
     699          600          108          397
     700           21           22          396
     701          180          254          399
     702          529           23          399
     703          183          460          262
     704           27          262          460
     705          400          439          166
     706           91          400          166
     707          408          265          401
     708          550          288          401
     709          264          532          266
     710           29          266          532
     711          406          267          402
     712          408          286          402
     713          405          269          403
     714          406          284          403
     715          404          344          115
     716          280          538          278
     717           45          278          538
     718          405          403          282
     719          282          271          405
     720          406          402          284
     721          406          403          269
     722          463          283          407
     723           50          407          283
     724          408          401          286
     725          408          402          267
     726          465          285          409
     727          544           51          409
     728          410          436          342
     729          603          112          410
     730          411          381          290
     731          437          343          411
     732          552          289          412
     733           53          412          289
     734          469          291          413
     735          555           54          413
     736          414          441           92
     737          414          553          293
     738          471          292          415
     739          557           55          415
     740          416          470          133
     741          416          501          295
     742          473          294          417
     743          561           56          417
     744          418          443           93
     745          418          560          297
     746          371          136          419
     747          419          569          298
     748          474          135          420
     749          420          504          299
     750          202          421          300
     751          478          573          421
     752          422          445           94
     753          422          568          301
     754          300          423          302
     755          573          577          423
     756          489          137          424
     757          424          520          303
     758           61          304          577
     759          580          305          425
     760          305          307          425
     761          306          426          308
     762          582           63          426
     763          427          389          309
     764          427          391          248
     765          308          428          310
     766          585           64          428
     767          429          387          311
     768          429          389          246
     769          430          492          225
     770          430          588          311
     771          492          313          431
     772          591          164          431
     773          487          319          432
     774           73          432          319
     775          146          147          433
     776          433          509          322
     777          434          397          253
     778          528          160          434
     779          601          253          435
     780          527           95          435
     781          410          288          436
     782          551          161          436
     783          437          550          343
     784          437          411          290
     785          438          349          227
     786           91          438          227
     787          400          263          439
     788          439          491          222
     789          440          441          167
     790          496          222          440
     791          414           93          441
     792          441          442          167
     793          441           93          442
     794          442          443          168
     795          418           94          443
     796          443          444          168
     797          443           94          444
     798          444          445          169
     799          422          160          445
     800          445          528          169
     801          234          507          255
     802           95          255          507
     803           14           15          446
     804          173          446          241
     805          447          172          173
     806          447          510          174
     807          510          241          448
     808          241          243          448
     809          449          353          174
     810          512          175          449
     811          512          243          450
     812          450          388          245
     813          451          354          175
     814          514          176          451
     815          514          245          452
     816          452          390          247
     817          453          355          176
     818          517          177          453
     819          517          247          454
     820          454          392          249
     821          455          356          177
     822          519          178          455
     823          519          249          456
     824          456          394          251
     825          457          357          178
     826          523          179          457
     827          523          251          458
     828          459          600          179
     829          526          254          459
     830           26           27          460
     831          262          264          533
     832          461          603          184
     833          533          185          461
     834          537          128          462
     835          128          194          462
     836          541          283          463
     837          463          407          285
     838          535          129          464
     839          464          362          195
     840          545          285          465
     841          465          409          287
     842          549          287          466
     843          287          289          466
     844          467          364          196
     845          556          197          467
     846          498          131          468
     847          468          467          197
     848          469          556          291
     849          469          413          292
     850          416          132          470
     851          470          365          198
     852          558          292          471
     853          471          415          294
     854          133          472          134
     855          472          366          199
     856          562          294          473
     857          473          417          296
     858          474          420          134
     859          474          367          200
     860          566          296          475
     861          475          369          201
     862           57           58          476
     863          476          370          201
     864          477          475          201
     865          477          570          298
     866           58           59          478
     867          478          421          370
     868          479          570          202
     869          479          574          203
     870          574          300          480
     871          300          302          480
     872          521          137          481
     873          481          371          203
     874          482          480          302
     875          483          138          482
     876          204          483          302
     877          484          138          483
     878          581          138          484
     879          484          483          204
     880          302          304          485
     881          304          306          485
     882          144          209          374
     883          146          164          486
     884          486          593          212
     885          597          212          487
     886          488          489          221
     887          575          233          488
     888          489          371          137
     889          489          424          221
     890          496          229          490
     891          229          166          490
     892          439          263          491
     893          531          161          491
     894          430          313          492
     895          492          431          320
     896          493          377          225
     897          598          242          493
     898            4            3          494
     899          494          378          228
     900            5            4          495
     901          495          379          229
     902          496          490          222
     903          496          440          167
     904          497          498          230
     905          411          343          497
     906          498          468          132
     907          498          564          230
     908            6            5          499
     909          499          380          231
     910          500          350          167
     911          500          442          168
     912          501          383          295
     913          416          133          501
     914            7            6          502
     915          502          382          232
     916          503          351          168
     917          503          444          169
     918          504          385          299
     919          420          135          504
     920          505          569          136
     921          505          488          233
     922            8            7          506
     923          506          384          234
     924          507          232          341
     925          435           95          507
     926          508          527          108
     927          508          530          235
     928          240          509          338
     929          242          322          509
     930          510          448          174
     931          447          173          510
     932           16           17          511
     933          511          388          243
     934          512          450          175
     935          512          449          174
     936           17           18          513
     937          513          390          245
     938          514          452          176
     939          514          451          175
     940          515          141          246
     941          427          248          515
     942           18           19          516
     943          516          392          247
     944          517          454          177
     945          517          453          176
     946           19           20          518
     947          518          394          249
     948          519          456          178
     949          519          455          177
     950          520          578          303
     951          424          137          520
     952          521          481          138
     953          521          580          250
     954           20           21          522
     955          522          396          251
     956          523          458          179
     957          523          457          178
     958          524          599          340
     959          434          160          524
     960          525          395          252
     961          525          375          221
     962          526          398          254
     963          526          459          179
     964          508           95          527
     965          527          435          253
     966          445          160          528
     967          528          434          253
     968           22           23          529
     969          529          399          254
     970          180          235          530
     971          508          108          530
     972          531          602          342
     973          436          161          531
     974           28           29          532
     975          264          185          533
     976          533          461          184
     977          534          535          265
     978          408          267          534
     979          535          464          130
     980          535          604          265
     981          536          537          267
     982          406          269          536
     983          537          462          129
     984          537          534          267
     985          127          269          405
     986          127          405          271
     987           44           45          538
     988          403          284          539
     989          543          114          539
     990          540          361          115
     991          282          540          271
     992          541          463          194
     993          128          193          541
     994          402          286          542
     995          547          113          542
     996          543          539          284
     997           50           51          544
     998          544          409          285
     999          545          465          195
    1000          545          362          194
    1001          401          288          546
    1002          410          112          546
    1003          547          360          113
    1004          547          542          286
    1005           51           52          548
    1006          287          548          289
    1007          549          466          196
    1008          549          363          195
    1009          550          401          265
    1010          550          604          343
    1011          551          436          288
    1012          437          290          551
    1013          552          412          291
    1014          552          556          196
    1015          381          293          553
    1016          414           92          553
    1017          554          376          161
    1018          554          551          290
    1019           53           54          555
    1020          555          413          291
    1021          469          197          556
    1022          556          467          196
    1023           54           55          557
    1024          557          415          292
    1025          558          471          198
    1026          558          365          197
    1027          381          230          559
    1028          559          564          295
    1029          560          414          293
    1030          563          297          560
    1031           55           56          561
    1032          561          417          294
    1033          562          473          199
    1034          562          366          198
    1035          563          559          295
    1036          383          297          563
    1037          498          132          564
    1038          564          416          295
    1039           56           57          565
    1040          565          369          296
    1041          566          475          200
    1042          566          367          199
    1043          567          572          299
    1044          568          418          297
    1045          571          301          568
    1046          505          135          569
    1047          569          368          298
    1048          479          298          570
    1049          477          201          570
    1050          571          567          299
    1051          385          301          571
    1052          133          134          572
    1053          572          420          299
    1054           59           60          573
    1055          573          423          421
    1056          574          480          203
    1057          479          202          574
    1058          575          385          233
    1059          575          488          221
    1060          375          252          576
    1061          524          160          576
    1062          302          577          304
    1063          573           60          577
    1064          520          250          578
    1065          393          106          578
    1066          579          357          107
    1067          579          395          303
    1068          580          425          250
    1069          521          138          580
    1070          581          484          139
    1071          139          305          581
    1072           62           63          582
    1073          582          426          306
    1074          205          204          485
    1075          391          309          583
    1076          587          105          583
    1077          584          356          106
    1078          584          393          307
    1079           63           64          585
    1080          585          428          308
    1081          389          311          586
    1082          589          104          586
    1083          587          355          105
    1084          587          583          309
    1085          377          103          588
    1086          588          589          311
    1087          589          354          104
    1088          589          586          311
    1089          590          387          244
    1090          142          590          244
    1091          591          606          347
    1092          164          591          347
    1093          314          316          592
    1094          592          594          208
    1095          486          164          593
    1096          164          315          593
    1097          209          594          316
    1098          143          208          594
    1099          487          212          348
    1100          320          322          595
    1101          595          598          225
    1102           73           74          596
    1103          321          596          323
    1104          597          487          321
    1105          213          597          214
    1106          242          598          322
    1107          598          493          225
    1108          524          252          599
    1109          395          107          599
    1110          600          358          179
    1111          459          108          600
    1112          601          435          341
    1113          601          352          169
    1114          531          263          602
    1115          111          602          263
    1116          603          359          184
    1117          461          112          603
    1118          535          130          604
    1119          604          605          343
    1120          605          364          131
    1121          605          497          343
    1122          591          313          606
    1123          590          142          606
    1124          373          208          143
*** End of File *************************************************************************************************************
