
         Time         Particle(1)             Particle(2)             Particle(3) ......

            0     130.633     23.3164     264.638     25.5967     284.814     51.5597     3.29134     76.9503     79.8285     27.7854      143.87     9.85008     171.772     14.2722      130.04      85.277      34.951     88.7631     26.9905      66.582     4.33495     60.0992     34.1278     9.66057     183.824     51.7525     92.2056     51.6173     8.82863     32.8992     138.487     60.5775     100.548     74.8992     212.503     77.6142     22.0583     78.7753 
          0.5      134.31     21.9532     264.331     25.3349     284.751     51.1631     3.47083     72.6769     81.8441     27.3547     147.052     12.9092     169.382     13.8524     130.048     85.1985     38.3644     88.1744     29.1997     64.0388     4.63492     57.5303     35.2508     9.41113     183.609     50.9275     93.9594     51.0153     9.22419     31.7394     138.587     59.9615     100.666     74.8091     212.492     77.4613     25.5065     73.9235 
            1     138.924      20.526     264.026     25.0913     284.724     50.8636     3.64408     69.6386     84.1989     26.7954     149.116      16.541     167.359     13.6581     130.092     85.0846     40.3806     87.5218     30.9956     61.7879     4.92236     55.2329     36.4614     9.14235     183.462      50.414     96.2647     50.2107     9.61313     30.6158     138.804     59.5442     100.981     74.7344     212.472     77.2584     27.6573     70.8886 
            2     147.515     18.3917      263.54     24.6933     284.685     50.4263     4.12388     64.0661     89.1052     25.6318     149.116      16.541     163.928     13.5233     130.279     84.9142     43.7402     86.2967     34.4631     57.8241     5.53087     51.0398     38.9744     8.63088     183.276     49.6608      101.02     48.3733     10.4074     28.5216     139.383     58.8846     101.768      74.486     212.435     76.9232     31.6247     65.8729 
            3     147.515     18.3917     263.153     24.3745     284.667     50.1237     4.63827     59.0498     94.2465     24.4632     149.116      16.541     160.383     13.6237     130.536     84.7777     46.7402     85.0466     37.9381     54.3523      6.1557     47.2254     41.6401     8.15407     183.177     49.0855     105.933     46.4156     11.2445     26.5846     140.042      58.315     102.589     74.1939     212.409     76.6715     35.4294      61.623 
            5     147.515     18.3917      262.58     23.8805     284.652     49.7065     5.81587     50.3512     105.309     22.1069     149.116      16.541     151.689     17.2158     131.119     84.5502     52.0331     82.7167     45.0422     48.4285     7.47399     40.5934      47.466     7.29872     183.132     48.1983     116.259     42.2659     13.0842     23.1072     141.457     57.2968     104.247     73.6198     212.388     76.3177     42.9735     54.6906 
           10     147.515     18.3917     261.818     23.1801     284.641     49.1842     9.27081      34.562     141.896     15.9712     149.116      16.541     151.689     17.2158     132.703     84.0946     63.5547     77.4568     64.5296     37.7253     11.3576     28.2458     65.1627     5.42622     183.414     46.5872     145.973     25.8326     18.7508     16.3428     145.187     54.9652     108.389     72.2781     212.447     75.8356     62.8795      42.559 
           15     147.515     18.3917     261.507     22.8868     284.635     48.9649     13.7649      24.197     148.179     17.4686     149.116      16.541     151.689     17.2158     134.336     83.6861     73.9326     73.0394     87.4644     30.2438     16.5253      19.884     87.8709     3.80472     183.927     45.2624     148.632     21.6463     26.4572     11.7642     148.934       52.61     112.469     70.9917     212.593     75.5628     85.6782     34.2249 
           20     147.515     18.3917     261.362     22.7382     284.637     48.8588     19.7385     17.1143     148.179     17.4686     149.116      16.541     151.689     17.2158     135.969     83.2855     83.6335     69.2222     115.408     23.3828     23.4142     14.1893     117.181     2.22742     184.504     44.0289     148.632     21.6463     37.2911     8.63256     152.571      50.097     116.469     69.7237     212.775     75.3631     112.887     26.7752 
           25     147.515     18.3917     261.281     22.6414     284.641     48.7981     27.8742     12.3295     148.179     17.4686     149.116      16.541     151.689     17.2158     137.582     82.8865      92.992     65.6486     147.523     17.6846     33.0402     10.3203     149.989     5.71976     185.076     42.8268     148.632     21.6463     51.8674     6.46425     156.015     47.3693      120.37     68.4524     212.973     75.1919     147.265     18.1465 
           30     147.515     18.3917     261.228     22.5659     284.645     48.7565     39.2536      9.0857     148.179     17.4686     149.116      16.541     151.689     17.2158     139.174     82.4813      101.48     62.4434     147.523     17.6846     46.2488     7.71935     151.008     16.7679      185.62     41.6274     148.632     21.6463      70.904     4.71865     159.199     44.3783     124.183      67.164     213.176     75.0322     147.265     18.1465 
           40     147.515     18.3917     261.148      22.436     284.662     48.6928     74.2897     5.07014     148.179     17.4686     149.116      16.541     151.689     17.2158     142.284     81.6458     117.695     56.3689     147.523     17.6846     85.9737     4.12754     151.008     16.7679      186.59     39.1996     148.632     21.6463     126.965     1.62233     164.442     37.5048      131.57     64.4862     213.585     74.7236     147.265     18.1465 
           50     147.515     18.3917     261.079     22.3136     284.679      48.636     132.664     2.02511     148.179     17.4686     149.116      16.541     151.689     17.2158      145.29     80.7806     132.663     50.2299     147.523     17.6846     148.537     4.91131     151.008     16.7679     187.392     36.7684     148.632     21.6463     151.011     16.7692     167.143     29.6879     138.652      61.579     213.994     74.4172     147.265     18.1465 
         50.5     147.515     18.3917     261.076     22.3075      284.68     48.6331     136.404     2.13274     148.179     17.4686     149.116      16.541     151.689     17.2158     145.437     80.7361     133.381      49.906     147.523     17.6846     150.508     6.31145     151.008     16.7679     187.428     36.6471     148.632     21.6463     151.011     16.7692      167.18     29.2824     138.999     61.4255     214.014     74.4019     147.265     18.1465 
           51     147.515     18.3917     261.072     22.3015      284.68     48.6303     139.951     2.44285     148.179     17.4686     149.116      16.541     151.689     17.2158     145.585     80.6916     134.103     49.5761     147.523     17.6846     151.939     7.84291     151.008     16.7679     187.463     36.5259     148.632     21.6463     151.011     16.7692     167.204     28.8765     139.346     61.2715     214.034     74.3866     147.265     18.1465 
           52     147.515     18.3917     261.065     22.2893     284.682     48.6248     146.336     3.90362     148.179     17.4686     149.116      16.541     151.689     17.2158     145.878     80.6024     135.556     48.8973     147.523     17.6846      153.15      12.244     151.008     16.7679     187.533     36.2833     148.632     21.6463     151.011     16.7692     167.213     28.0613     140.036     60.9606     214.075      74.356     147.265     18.1465 
           53     147.515     18.3917     261.059     22.2772     284.684     48.6193     150.646     6.57206     148.179     17.4686     149.116      16.541     151.689     17.2158     146.171     80.5132     137.004     48.1984     147.523     17.6846     151.005     16.7669     151.008     16.7679       187.6      36.041     148.632     21.6463     151.011     16.7692     167.169     27.2387     140.724     60.6454     214.115     74.3253     147.265     18.1465 
           55     147.515     18.3917     261.045     22.2529     284.687     48.6082     150.899     16.8729     148.179     17.4686     149.116      16.541     151.689     17.2158     146.751     80.3343     139.858      46.741     147.523     17.6846     151.005     16.7669     151.008     16.7679     187.726     35.5574     148.632     21.6463     151.011     16.7692     166.917     25.5568     142.089     60.0021     214.196      74.264     147.265     18.1465 
           60     147.515     18.3917     261.012     22.1924     284.695     48.5806     150.899     16.8729     148.179     17.4686     149.116      16.541     151.689     17.2158     148.178     79.8832     146.749     42.5122     147.523     17.6846     151.005     16.7669     151.008     16.7679     187.993     34.3531     148.632     21.6463     151.011     16.7692     164.855     21.2703     145.456     58.3169     214.398     74.1103     147.265     18.1465 
           65     147.515     18.3917     260.978      22.132     284.704      48.553     150.899     16.8729     148.179     17.4686     149.116      16.541     151.689     17.2158     149.583     79.4228     153.019     37.1462     147.523     17.6846     151.005     16.7669     151.008     16.7679     188.194     33.1525     148.632     21.6463     151.011     16.7692     155.817      16.933     148.728     56.5093     214.599     73.9561     147.265     18.1465 
           70     147.515     18.3917     260.945     22.0715     284.712     48.5253     150.899     16.8729     148.179     17.4686     149.116      16.541     151.689     17.2158     150.965     78.9531     157.712     30.0944     147.523     17.6846     151.005     16.7669     151.008     16.7679     188.335     31.9575     148.632     21.6463     151.011     16.7692     151.834     17.4594     151.883     54.5697     214.799     73.8016     147.265     18.1465 
           75     147.515     18.3917     260.908     22.0111      284.72     48.4977     150.899     16.8729     148.179     17.4686     149.116      16.541     151.689     17.2158     152.326     78.4757     156.458      20.376     147.523     17.6846     151.005     16.7669     151.008     16.7679     188.426     30.7735     148.632     21.6463     151.011     16.7692     151.834     17.4594     154.911     52.4919     214.997     73.6463     147.265     18.1465 
           80     147.515     18.3917      260.87     21.9505     284.729     48.4701     150.899     16.8729     148.179     17.4686     149.116      16.541     151.689     17.2158     153.664     77.9866     152.012     17.7581     147.523     17.6846     151.005     16.7669     151.008     16.7679     188.469      29.598     148.632     21.6463     151.011     16.7692     151.834     17.4594     157.781     50.2658     215.195     73.4911     147.265     18.1465 
           90     147.515     18.3917     260.795     21.8291     284.745     48.4149     150.899     16.8729     148.179     17.4686     149.116      16.541     151.689     17.2158     156.272     76.9756     152.012     17.7581     147.523     17.6846     151.005     16.7669     151.008     16.7679     188.279     27.1998     148.632     21.6463     151.011     16.7692     151.834     17.4594     162.941     45.3423     215.588     73.1784     147.265     18.1465 
          100     147.515     18.3917      260.72     21.7076     284.762     48.3596     150.899     16.8729     148.179     17.4686     149.116      16.541     151.689     17.2158     158.784     75.9373     152.012     17.7581     147.523     17.6846     151.005     16.7669     151.008     16.7679     187.605      24.649     148.632     21.6463     151.011     16.7692     151.834     17.4594     167.101      39.807     215.976     72.8637     147.265     18.1465 
          100     147.515     18.3917      260.72     21.7076     284.762     48.3596     150.899     16.8729     148.179     17.4686     149.116      16.541     151.689     17.2158     158.784     75.9373     152.012     17.7581     147.523     17.6846     151.005     16.7669     151.008     16.7679     187.605      24.649     148.632     21.6463     151.011     16.7692     151.834     17.4594     167.101      39.807     215.976     72.8637     147.265     18.1465 
